15.331	41.159	23.105	19.167	1.210	0.269	0.274	0.824	# ACCA
13.384	41.673	21.280	16.690	-0.480	0.220	0.385	0.723	# ALAT
14.335	41.327	22.045	18.110	-1.941	0.213	0.289	0.917	# ALIF
14.034	41.734	21.618	18.200	0.946	0.652	0.510	1.968	# ALRA
16.604	40.907	23.715	18.950	0.080	0.154	0.146	0.570	# AMUR
15.489	40.995	23.032	19.600	2.130	0.450	0.351	1.403	# ANIA
15.284	41.124	23.816	19.461	9.491	0.937	1.041	3.348	# ANZP
15.543	41.757	23.365	18.694	-0.560	0.183	0.212	0.634	# APRC
15.452	41.784	21.184	20.020	-0.570	0.766	0.759	2.379	# APRI
13.374	42.366	20.233	16.573	0.160	0.345	0.381	1.320	# AQRA
13.350	42.368	20.390	16.350	-0.300	0.394	0.373	0.909	# AQUI
13.467	42.328	21.090	17.035	-2.146	0.433	0.485	1.076	# AQUM
15.083	41.110	21.662	18.014	2.156	0.270	0.259	0.957	# AV01
14.630	40.874	20.103	17.524	-2.788	0.373	0.426	1.130	# AV03
14.783	40.912	21.520	17.360	0.839	0.217	0.239	0.847	# AVEL
13.582	42.337	21.220	17.059	2.691	0.271	0.375	1.536	# BARS
14.778	41.121	21.530	18.187	2.370	0.440	0.431	1.946	# BENE
15.133	41.200	22.804	18.570	0.730	0.157	0.185	0.587	# BIOG
14.594	41.546	22.771	17.720	-0.040	0.220	0.194	0.631	# BSSO
14.678	41.560	23.070	18.469	1.180	0.313	0.367	1.054	# CABA
14.036	42.013	22.654	17.008	2.281	0.609	0.599	2.210	# CADG
16.274	41.078	23.847	19.637	0.700	0.259	0.308	1.110	# CADM
15.237	41.028	22.798	18.165	1.700	0.196	0.163	0.587	# CAFE
14.103	41.306	22.650	19.556	-1.670	0.598	0.608	2.286	# CAIA
13.484	42.290	20.050	16.227	0.420	0.316	0.531	0.785	# CAOC
14.018	41.598	20.260	17.065	-0.670	0.608	0.344	0.689	# CERA
12.982	41.949	21.230	16.307	1.500	0.201	0.194	0.530	# CERT
12.829	41.584	21.630	16.320	-0.372	0.353	0.285	0.881	# CIST
14.456	41.869	18.225	19.956	0.637	0.416	0.447	1.582	# CMRA
13.820	42.037	22.150	17.160	2.742	0.745	0.458	1.661	# COCU
13.393	42.412	21.330	16.653	-0.010	0.255	0.291	0.790	# CONI
17.111	40.968	23.790	20.040	1.310	0.881	0.815	3.434	# CONV
16.880	41.110	22.920	17.661	-0.070	0.227	0.302	0.923	# DSTG
14.322	41.939	23.036	19.160	0.267	1.519	1.191	3.254	# FALL
15.623	41.506	22.310	19.127	3.810	1.241	1.345	5.040	# FOGG
13.432	41.356	31.532	19.392	-7.574	1.364	2.897	6.061	# FOMU
13.415	41.330	21.533	17.606	0.080	0.296	0.414	1.097	# FOND
14.669	41.974	23.123	17.930	-1.797	0.109	0.150	0.680	# FRES
13.301	41.645	20.180	16.890	0.095	0.433	0.526	1.658	# FRNE
13.351	41.639	21.060	16.251	0.280	0.242	0.471	0.827	# FROS
14.225	40.878	25.042	19.264	1.879	0.206	0.180	0.588	# FRUL
15.102	41.067	21.625	16.713	3.866	0.531	0.619	1.897	# GRO2
15.060	41.073	22.135	17.724	2.220	0.174	0.164	0.614	# GROT
13.312	41.794	21.631	16.910	-0.470	0.218	0.274	0.750	# GUAR
13.316	42.382	20.620	16.173	-0.573	0.322	0.403	0.911	# INGP
15.897	41.904	23.380	19.002	1.240	0.183	0.179	0.622	# ISCH
14.236	41.601	22.060	17.787	0.220	0.287	0.360	1.143	# ISER
14.266	41.608	22.483	18.711	-2.920	0.468	0.375	1.337	# ISRN
16.050	41.791	23.239	18.440	-0.350	0.260	0.270	1.038	# JATE
14.381	42.198	23.240	18.424	-0.199	0.256	0.237	0.880	# LANC
14.922	41.810	22.971	18.960	0.530	0.232	0.253	0.879	# LARI
12.901	41.471	21.720	16.810	0.970	0.235	0.212	0.824	# LAT1
15.438	41.426	22.901	18.736	-0.460	0.434	0.343	1.296	# LCRA
14.050	40.876	16.308	20.440	1.300	0.201	0.175	0.578	# LICO
14.253	41.500	22.450	17.439	0.185	0.255	0.372	0.967	# LNGN
14.258	40.847	24.367	17.890	1.000	0.238	0.212	0.774	# MAFE
13.588	43.138	24.404	18.550	0.438	0.596	0.356	0.896	# MAGL
15.915	41.629	23.580	19.150	-2.071	0.217	0.259	1.011	# MANF
15.139	40.966	22.450	16.460	1.721	0.540	0.339	1.245	# MEFI
15.127	41.706	22.690	18.644	0.220	0.200	0.305	0.604	# MELA
14.834	41.058	21.634	16.893	0.831	0.229	0.179	0.630	# MFUS
16.604	41.196	23.344	18.889	0.495	0.182	0.225	0.749	# MLFT
15.159	41.371	23.227	18.736	0.530	0.209	0.201	0.622	# MOCO
13.881	41.146	21.501	16.821	0.042	0.137	0.197	0.492	# MODR
16.196	41.061	23.552	18.792	0.422	0.170	0.160	0.571	# MRVN
15.910	41.712	23.515	19.010	0.735	0.182	0.191	0.582	# MSAG
13.462	42.105	21.960	18.770	0.994	0.477	0.515	1.875	# MSAL
15.003	40.918	21.010	16.056	0.123	0.341	0.272	0.702	# MTMR
15.826	40.955	23.906	19.374	0.150	0.425	0.431	1.485	# MVEN
14.276	40.870	23.161	17.420	1.100	0.199	0.216	0.829	# NAPO
13.646	41.955	21.250	18.446	2.030	0.290	0.421	2.216	# OTRA
13.515	42.138	21.242	18.300	2.107	0.481	0.438	1.461	# OVRA
14.556	40.870	21.380	16.957	-0.510	0.197	0.204	0.654	# PACA
13.466	42.362	21.380	17.038	-1.330	0.271	0.280	0.806	# PAGA
14.498	42.164	22.750	18.640	-0.949	0.194	0.199	0.723	# PAGL
16.784	41.142	22.730	17.672	0.068	0.376	0.336	1.068	# PALB
15.960	40.944	23.662	19.063	1.070	0.168	0.169	0.569	# PALZ
14.701	41.012	20.410	15.376	-1.411	1.174	1.401	4.523	# PANN
14.567	41.031	21.629	16.850	0.769	0.213	0.186	0.560	# PAOL
14.228	42.124	22.506	19.402	0.325	0.348	0.290	1.481	# PBRA
14.201	42.470	23.439	18.280	-1.720	0.251	0.217	0.949	# PESC
14.860	42.011	27.487	26.790	4.810	0.641	0.520	1.464	# PETC
14.180	41.200	21.352	17.648	1.328	0.157	0.197	0.603	# PIGN
15.129	41.544	27.430	14.364	-1.202	0.194	0.242	0.674	# PMCO
15.745	42.225	22.534	18.400	0.230	0.363	0.345	1.274	# PNSA
13.712	41.717	21.657	17.882	0.220	0.195	0.226	0.626	# POFI
16.254	40.917	23.390	19.658	0.700	0.318	0.323	1.006	# POGG
14.477	40.849	21.980	17.110	2.510	0.444	1.354	2.696	# PRET
14.811	41.223	22.081	17.490	1.360	0.195	0.165	0.616	# PSB1
14.529	41.364	22.270	17.517	1.270	0.250	0.281	0.922	# PTRJ
14.144	40.878	22.830	24.520	7.025	0.404	0.442	1.032	# QUAR
13.811	42.102	22.456	19.167	1.305	0.758	0.653	2.445	# RAIA
14.329	41.491	21.008	18.790	6.150	0.686	0.849	2.510	# RCMA
15.603	41.659	24.100	18.439	4.501	0.403	0.673	2.444	# RGAR
12.853	42.403	20.514	16.670	-0.290	0.394	0.435	1.236	# RIET
14.706	41.397	22.184	17.959	0.410	0.333	0.358	0.702	# SACR
15.394	40.696	21.897	18.080	3.271	0.705	0.557	1.751	# SGMA
15.744	41.755	23.450	18.526	0.490	0.177	0.199	0.576	# SGRT
15.365	41.136	23.440	18.278	0.860	0.201	0.219	0.618	# SGTA
14.630	41.277	21.046	16.580	2.088	0.437	0.450	1.147	# SLPO
15.209	40.925	22.531	16.880	0.959	0.201	0.224	0.860	# SNAL
16.879	41.108	23.189	17.765	-1.289	0.238	0.269	1.042	# SNIK
15.511	42.124	23.430	18.651	0.030	0.124	0.138	0.532	# TREM
14.550	41.767	23.870	18.387	-0.360	0.217	0.238	0.707	# TRIV
14.988	42.005	21.580	17.544	0.180	0.287	0.537	1.055	# TRMI
14.777	41.131	21.317	15.880	1.530	0.321	0.335	1.043	# UBEN
14.234	41.415	22.952	19.154	-0.068	0.338	0.540	0.704	# VAGA
14.630	41.183	21.814	16.994	0.970	0.211	0.238	0.641	# VITU
15.616	40.955	23.489	19.017	0.881	0.186	0.188	0.579	# VULT
13.623	41.870	21.770	17.295	1.301	0.231	0.260	0.613	# VVLO
